Estación:       XALAPAob,  VER
Operada por:    SMN ESIME
Longitud:       96°54'14"  Longitud: 19°30'43  Altitud: 1360

DD/MM/AAAA HH:MM      DIRS      DIRR  RAPVIENTO2  RAPRAFAGA2      TEMP        HR        PB      PREC   RAD-SOL
06/11/2014 15:00         284         360        1.10        2.10        19.5          71       870.5         0.0       249.0
06/11/2014 15:10         269          56        1.10        2.30        20.1          67       870.5         0.0       386.0
06/11/2014 15:20         227         300        0.90        2.00        21.0          62       870.6         0.0       377.0
06/11/2014 15:30          33         209        0.60        1.60        21.3          60       870.7         0.0       307.0
06/11/2014 15:40          22         200        0.80        2.50        21.4          65       870.8         0.0       368.0
06/11/2014 15:50          75         143        1.10        2.90        21.6          69       870.9         0.0       278.0
06/11/2014 16:00          98         173        1.70        3.40        20.9          73       870.9         0.0       362.0
06/11/2014 16:10         113         247        1.70        3.80        21.4          73       870.9         0.0       509.0
06/11/2014 16:20          94         162        1.90        3.60        21.4          73       870.8         0.0       411.0
06/11/2014 16:30          87         271        1.40        3.20        21.6          72       870.8         0.0       419.0
06/11/2014 16:40         101         171        1.70        3.40        21.1          73       870.8         0.0       468.0
06/11/2014 16:50         116         155        2.00        3.90        21.8          70       870.7         0.0       525.0
06/11/2014 17:00         112         223        1.60        3.60        22.8          70       870.5         0.0       663.0
06/11/2014 17:10          94         163        2.00        4.30        22.2          69       870.5         0.0       500.0
06/11/2014 17:20          57         212        1.40        3.10        22.2          69       870.4         0.0       395.0
06/11/2014 17:30          66         260        1.30        3.50        22.2          69       870.3         0.0       459.0
06/11/2014 17:40          81         243        1.40        4.40        22.1          70       870.2         0.0       399.0
06/11/2014 17:50          54         163        1.30        3.50        22.5          68       870.0         0.0       428.0
06/11/2014 18:00          82         179        1.30        2.80        22.5          68       869.9         0.0       784.0
06/11/2014 18:10         137         240        2.00        4.00        22.2          68       869.7         0.0       639.0
06/11/2014 18:20         111         183        2.10        4.60        23.5          65       869.6         0.0       926.0
06/11/2014 18:30         113         224        1.90        4.50        24.2          61       869.5         0.0       992.0
06/11/2014 18:40          96         256        1.80        4.20        23.3          64       869.4         0.0       325.0
06/11/2014 18:50         114         175        2.50        5.30        23.5          65       869.3         0.0       986.0
06/11/2014 19:00          99         268        2.60        4.80        22.8          66       869.1         0.0       954.0
06/11/2014 19:10         100         237        2.80        5.70        24.0          62       869.0         0.0       939.0
06/11/2014 19:20          75         205        1.70        4.20        24.6          62       868.9         0.0       901.0
06/11/2014 19:30          91         168        2.30        4.50        23.5          65       868.8         0.0       803.0
06/11/2014 19:40          96         169        2.40        5.10        22.5          69       868.7         0.0       577.0
06/11/2014 19:50         103         195        2.30        6.30        23.9          63       868.7         0.0       917.0
06/11/2014 20:00         109         251        2.20        5.40        24.2          62       868.5         0.0       790.0
06/11/2014 20:10         118         208        2.20        5.00        24.5          60       868.5         0.0       647.0
06/11/2014 20:20         126         220        2.10        4.80        24.3          60       868.5         0.0       836.0
06/11/2014 20:30          94         183        1.90        4.60        22.9          67       868.4         0.0       194.0
06/11/2014 20:40          83         159        1.80        4.30        22.1          70       868.3         0.0       135.0
06/11/2014 20:50          96         187        2.10        5.00        21.3          72       868.3         0.0       195.0
06/11/2014 21:00          88         162        1.90        5.00        21.0          79       868.3         0.0        90.0
06/11/2014 21:10          76         164        1.60        4.10        20.4          83       868.2         0.0        63.0
06/11/2014 21:20          97         176        2.10        4.40        20.0          84       868.2         0.0        89.0
06/11/2014 21:30         100         168        1.90        4.60        20.2          85       868.2         0.0       189.0
06/11/2014 21:40          94         158        2.30        4.70        20.0          85       868.3         0.0       158.0
06/11/2014 21:50          90         184        1.90        4.20        20.0          86       868.3         0.0       112.0
06/11/2014 22:00         121         212        1.90        4.30        19.8          87       868.2         0.0        77.0
06/11/2014 22:10         111         190        2.30        4.70        19.8          85       868.3         0.0       219.0
06/11/2014 22:20         123         217        2.10        4.10        20.6          82       868.3         0.0       129.0
06/11/2014 22:30         125         215        1.70        3.70        20.0          85       868.3         0.0        99.0
06/11/2014 22:40         118         237        1.30        2.80        20.2          85       868.3         0.0       352.0
06/11/2014 22:50          93         172        1.70        3.50        20.1          84       868.3         0.0        52.0
06/11/2014 23:00          89         177        1.60        3.30        19.1          89       868.5         0.0        22.0
06/11/2014 23:10          76         210        1.30        3.20        18.6          91       868.6         0.0        15.0
06/11/2014 23:20          62         134        1.00        2.40        18.4          93       868.7         0.0        10.0
06/11/2014 23:30          78         233        0.90        2.50        18.3          94       868.8         0.0         6.0
06/11/2014 23:40          89         188        1.30        2.70        18.2          95       868.8         0.0         5.0
06/11/2014 23:50          98         222        1.10        2.00        18.1          96       868.9         0.0         0.0
07/11/2014 00:00          85         174        1.20        2.70        18.1          96       869.0         0.0         0.0
07/11/2014 00:10          62         230        0.80        2.10        18.0          96       869.1         0.0         0.0
07/11/2014 00:20          76         152        0.90        2.10        17.8          97       869.1         0.0        -1.0
07/11/2014 00:30          67         142        0.70        1.40        17.7          97       869.2         0.0        -1.0
07/11/2014 00:40          87         192        1.10        2.30        17.7          98       869.3         0.0         0.0
07/11/2014 00:50          59         127        0.90        1.70        17.5          98       869.4         0.0        -1.0
07/11/2014 01:00         106         245        1.10        2.00        17.3          98       869.4         0.0        -1.0
07/11/2014 01:10         121         215        0.90        2.20        17.2          98       869.5         0.0        -1.0
07/11/2014 01:20          93         194        1.40        2.60        17.1          99       869.8         0.0        -1.0
07/11/2014 01:30          94         177        1.00        2.40        17.1          99       869.9         0.0         0.0
07/11/2014 01:40          88         150        1.20        2.10        17.1          97       870.0         0.0        -1.0
07/11/2014 01:50         106         209        1.10        2.10        17.2          97       870.1         0.0        -1.0
07/11/2014 02:00          91         186        0.70        1.20        17.0          98       870.3         0.0        -1.0
07/11/2014 02:10          66         296        0.50        1.30        17.1          99       870.2         0.0        -1.0
07/11/2014 02:20         183          38        0.90        1.90        17.1          98       870.3         0.0        -1.0
07/11/2014 02:30         164         234        0.90        1.50        17.2          98       870.4         0.0        -1.0
07/11/2014 02:40         188          56        0.60        1.50        17.3          98       870.4         0.0        -1.0
07/11/2014 02:50          92         228        0.60        1.30        17.3          97       870.4         0.0        -1.0
07/11/2014 03:00          98         201        0.60        1.50        17.2          98       870.5         0.0        -1.0
07/11/2014 03:10          93         145        1.30        2.40        17.3          98       870.6         0.0        -1.0
07/11/2014 03:20         105         180        1.00        2.20        17.3          97       870.6         0.0        -1.0
07/11/2014 03:30          44         127        0.60        1.50        17.1          97       870.6         0.0        -1.0
07/11/2014 03:40           0           0        0.00        0.00        16.9          98       870.5         0.0        -1.0
07/11/2014 03:50         218         271        1.00        2.20        16.8          99       870.4         0.0        -1.0
07/11/2014 04:00         235         308        0.90        1.60        16.6          99       870.4         0.0        -1.0
07/11/2014 04:10         218         303        0.90        2.20        16.6         100       870.3         0.0        -1.0
07/11/2014 04:20         234         292        0.80        1.60        16.5         100       870.3         0.0        -1.0
07/11/2014 04:30         202         246        0.60        1.50        16.6         100       870.3         0.0        -1.0
07/11/2014 04:40         223          74        0.60        1.30        16.6         100       870.2         0.0        -1.0
07/11/2014 04:50         241         291        1.20        2.40        16.6         100       870.1         0.0        -1.0
07/11/2014 05:00         254         358        1.40        3.70        16.6         100       870.1         0.0        -1.0
07/11/2014 05:10         255         313        1.10        2.50        16.5         100       870.1         0.0        -1.0
07/11/2014 05:20         244         291        1.20        2.40        16.6         100       870.0         0.0         0.0
07/11/2014 05:30         232         300        1.40        3.50        16.7         100       869.9         0.0        -1.0
07/11/2014 05:40         240         314        1.30        3.10        16.7         100       869.8         0.0         0.0
07/11/2014 05:50         239         332        1.30        2.80        16.7         100       869.7         0.0         0.0
07/11/2014 06:00         211         347        1.40        2.90        16.7         100       869.5         0.0         0.0
07/11/2014 06:10         211         316        1.40        3.20        16.7         100       869.4         0.0         0.0
07/11/2014 06:20         238         316        1.30        3.10        16.7         100       869.3         0.0        -1.0
07/11/2014 06:30         262         301        1.20        2.40        16.7         100       869.4         0.0         0.0
07/11/2014 06:40         275         311        2.10        3.40        16.6          99       869.3         0.0         0.0
07/11/2014 06:50         265         312        2.10        3.50        16.5          99       869.1         0.0        -1.0
07/11/2014 07:00         261         312        1.50        2.90        16.5         100       869.1         0.0        -1.0
07/11/2014 07:10         259         307        1.20        2.40        16.5         100       869.1         0.0        -1.0
07/11/2014 07:20         257         327        0.60        1.40        16.5          99       869.1         0.0        -1.0
07/11/2014 07:30         228         279        1.20        2.20        16.5          98       868.9         0.0        -1.0
07/11/2014 07:40         282          96        0.90        2.10        16.5          97       869.0         0.0        -1.0
07/11/2014 07:50         285         316        1.20        2.00        16.3          97       868.9         0.0        -1.0
07/11/2014 08:00         249         302        0.80        1.50        16.3          97       868.8         0.0        -1.0
07/11/2014 08:10         249         309        1.10        2.30        16.2          98       868.7         0.0        -1.0
07/11/2014 08:20         250         337        0.70        1.60        16.1          98       868.5         0.0        -1.0
07/11/2014 08:30         251         317        1.00        2.30        16.1          99       868.4         0.0        -1.0
07/11/2014 08:40         269         300        1.70        2.70        15.8          95       868.4         0.0        -1.0
07/11/2014 08:50         281         341        1.30        2.30        15.7          95       868.3         0.0        -1.0
07/11/2014 09:00         275         315        1.10        1.70        15.6          95       868.3         0.0        -1.0
07/11/2014 09:10         265         331        1.10        1.90        15.6          96       868.1         0.0        -1.0
07/11/2014 09:20         261         294        1.50        3.20        15.6          94       868.1         0.0        -1.0
07/11/2014 09:30         258         284        1.40        2.60        15.6          95       868.0         0.0        -1.0
07/11/2014 09:40         264         304        1.40        2.30        15.5          95       868.0         0.0        -1.0
07/11/2014 09:50         268         289        1.60        2.40        15.5          95       868.0         0.0        -1.0
07/11/2014 10:00         264         353        0.80        1.30        15.5          95       868.0         0.0        -1.0
07/11/2014 10:10         251         309        0.80        1.60        15.4          95       867.9         0.0        -1.0
07/11/2014 10:20         262         298        0.90        1.40        15.4          96       867.9         0.0        -1.0
07/11/2014 10:30         230         279        0.80        1.40        15.5          95       868.0         0.0         0.0
07/11/2014 10:40         261         306        1.00        1.90        15.4          96       867.9         0.0         0.0
07/11/2014 10:50         264         299        1.10        1.80        15.4          95       867.9         0.0         0.0
07/11/2014 11:00         286         331        0.80        1.20        15.4          96       867.9         0.0        -1.0
07/11/2014 11:10         252         315        0.80        1.40        15.4          96       868.0         0.0        -1.0
07/11/2014 11:20         250         281        0.70        1.10        15.5          96       868.0         0.0         0.0
07/11/2014 11:30           0           0        0.00        0.00        15.6          96       868.0         0.0         0.0
07/11/2014 11:40           0           0        0.00        0.00        15.6          95       868.1         0.0         0.0
07/11/2014 11:50           0           0        0.00        0.00        15.7          95       868.2         0.0         0.0
07/11/2014 12:00          80         120        0.70        1.40        15.8          96       868.3         0.0         0.0
07/11/2014 12:10          67         272        0.50        1.30        15.8          98       868.5         0.0         0.0
07/11/2014 12:20           0           0        0.00        0.00        15.8          99       868.5         0.0         0.0
07/11/2014 12:30          57         160        0.50        1.10        15.9          99       868.6         0.0         1.0
07/11/2014 12:40           0           0        0.00        0.00        15.9          99       868.7         0.0         3.0
07/11/2014 12:50         104         135        0.70        1.20        15.9          99       868.8         0.0         7.0
07/11/2014 13:00           0           0        0.00        0.00        16.0          99       869.0         0.0        15.0
07/11/2014 13:10         216         260        0.60        1.30        16.1          99       869.1         0.0        29.0
07/11/2014 13:20         243         327        0.60        1.40        16.3          98       869.2         0.0        29.0
07/11/2014 13:30         258         304        0.90        2.00        16.3          97       869.3         0.0        28.0
07/11/2014 13:40         260         334        1.00        2.10        16.3          97       869.2         0.0        52.0
07/11/2014 13:50         273         348        1.30        2.20        16.4          96       869.3         0.0        79.0
07/11/2014 14:00         250         294        1.10        2.20        16.8          94       869.3         0.0       131.0
07/11/2014 14:10         263         326        0.80        1.70        17.2          93       869.3         0.0       133.0
07/11/2014 14:20         256          35        0.70        1.50        17.4          93       869.3         0.0       127.0
07/11/2014 14:30         260         359        0.60        1.10        17.6          90       869.3         0.0       212.0
07/11/2014 14:40         162         285        0.50        1.50        18.0          87       869.3         0.0       221.0
07/11/2014 14:50